-11.32636 7.6477976
-12.625773 11.847136
-13.796236 15.854708
-8.128672 0.3699293
-9.963285 6.2539034
-9.147712 4.443137
-10.738758 9.932192
-8.073702 2.3220673
-11.349453 13.423826
-11.6393175 15.243472
-9.228626 8.062206
-10.156683 12.040558
-8.18628 5.966837
-6.3394227 0.0221138
-7.2210484 3.93256
-9.855015 14.777559
-8.40376 10.134829
-6.225077 2.266492
-8.357996 11.951618
-7.0880933 7.567404
-8.2834215 13.874587
-6.285971 5.915468
-8.155487 15.808872
-6.5942097 9.500034
-4.721796 1.1336241
-5.063594 3.8760004
-6.5448875 13.12778
-5.9764996 11.364872
-5.0861616 7.5169706
-6.1746955 15.732181
-4.3881526 5.8364334
-4.7331753 9.658911
-3.5598676 2.8558807
-3.0296392 0.22723293
-4.3522816 12.330289
-4.412922 15.061456
-3.4106374 8.377864
-2.8070428 4.669425
-3.1937463 10.902847
-2.5804186 6.6748114
-2.9338117 13.806009
-1.8317734 2.2784777
-2.526637 15.741769
-1.8844488 9.506749
-1.7950803 12.388735
-1.0094637 0.21766186
-0.9879427 4.267226
-1.0898434 14.5996065
-0.6711735 7.8739805
-0.49006417 10.814462
-0.21024695 6.0141907
0.0 1.7822447
0.28143212 15.83756
0.51723963 12.689468
0.69926244 9.166073
0.77910554 3.8791294
0.83439535 0.02929306
1.3042042 6.9966955
1.7261126 11.029067
2.1240952 13.640624
2.5189002 15.623136
1.8060814 1.9239206
2.5013235 8.380231
2.4449902 5.117387
3.3119721 12.157852
3.3621247 10.140935
4.0368657 14.139165
3.0570576 3.3671188
2.8933024 0.48680305
3.9424284 7.2252836
5.30422 15.525386
5.132341 12.413148
4.273021 5.079855
5.1064653 9.031464
4.1387167 1.8322935
6.421208 13.921945
6.1047573 10.698259
7.2661953 15.566722
5.710208 6.185507
7.14864 12.23258
5.649009 3.8814898
6.682757 7.7406826
8.2796545 13.857815
5.4014416 0.29371166
7.9589577 10.282913
9.572367 15.852545
6.398567 2.2286348
9.153775 12.089473
8.440081 8.4792185
10.218506 14.109304
7.568241 3.779931
8.376286 5.898181
9.735816 9.769329
11.81799 15.830541
7.2640023 0.31237888
11.004616 11.514478
11.785381 13.141833
10.049855 7.14956
8.486753 1.9185476
9.406383 4.043351
13.664281 15.483068
11.492192 8.718448
